-4703
-25926
6946
27660
-19921
-2725
15969
243
17914
16102
14112
-10089
-3572
-27576
3309
-12814
25927
-21167
8462
-17410
-5959
20764
-7628
13020
-13476
20690
-32439
-27398
18618
31696
19061
28414
-4825
-16308
1370
-25118
14994
27473
32604
-27229
4396
15179
9013
-9166
7832
-18481
16545
-29928
22234
494
26436
27412
14827
4088
-2127
-833
26871
1938
-12897
-32535
-12717
10574
-22959
-11245
23300
-32599
-23005
-20546
7456
19299
8261
-23388
12708
-13454
-31831
-7961
-10972
-2528
4096
-27355
-27131
13261
-18914
-29829
27516
8966
17979
17263
13368
4605
-12366
-23079
-8296
-24186
-11101
9102
17585
-15257
-19207
-11725
27132
3628
29560
-9796
-16232
1113
-18414
17933
-27062
-6910
-19899
3945
-16081
5596
16076
-4912
18439
11964
29545
17228
-30139
21102
29650
17721
10912
18705
13021
5212
-16495
-28978
-32052
31227
3127
18935
-26684
-30753
17694
-9290
-8323
13616
-23657
32235
-12015
-13723
19122
8630
6136
-20759
16656
-32452
15675
-5156
555
6124
-20027
30377
-5521
29760
-8992
5773
-32529
5578
-28171
30721
25034
-13636
4184
-16089
19526
16352
28762
-17918
-26751
13822
8311
23482
4311
-28765
-10831
22976
1802
10827
4638
-2095
1265
13863
9387
16368
32493
32522
17644
27486
30212
-9729
11831
4440
-11358
-21989
23773
28381
261
12258
-12142
-9635
-660
5640
-2311
13889
-2612
28303
8557
-2683
8529
4970
-22292
1288
25982
7550
-23773
-21243
1272
-6892
-13380
15676
23548
-16719
1224
5950
28044
26464
-28317
27002
-15301
-11406
-4759
-20913
-5721
-11645
-6788
-15876
30635
-17373
21016
8839
-31181
6073
-26393
-21357
-1873
-3332
-10455
-6140
-4524
22951
22632
-18500
22503
8660
-17340
-223
30285
-115
-4512
-28513
-15179
-27925
-11365
30732
-28306
-7278
20311
29710
18560
31904
1028
12620
13024
7178
-3648
-25950
11584
-22444
-10706
20794
-26192
-8250
-3964
8092
-28986
-3058
-29518
-1387
1938
1346
30907
-7405
-26836
12121
18248
-17411
-7451
-25337
590
-6437
-6591
-11513
-20238
14976
-15487
9945
-11371
-22884
-23576
5096
-18164
-26843
-5463
-7662
20480
-5423
-17025
-12121
-10360
3934
-23054
-18219
-28211
-26922
-12729
-9607
23558
22696
7457
18014
-12658
-3618
13000
6386
18440
14077
2845
30797
1773
-5362
-14532
2249
13319
-12700
-7735
19168
-32439
-10127
-12054
5529
-16473
12143
-10003
8256
-28850
12550
-28008
20136
3279
-24880
26657
12997
7853
-15924
3047
-2378
-14875
6089
-21579
-24001
-27454
-8779
25541
28334
11990
-30261
13443
-25547
29987
2241
32200
-1141
-16034
20705
-15625
7986
21352
-25091
15001
-6402
-11251
26963
27856
-9968
-28745
-3970
-7338
31560
-13179
-8682
-20951
-24534
24172
26486
16379
23039
23700
-3500
-6850
1972
-25898
5431
-10033
-21043
19042
-31232
-18068
-28926
-6982
18736
-7495
-18639
17294
13644
-4856
-5187
-30439
-25345
22198
13398
15193
-19648
6733
-4293
-19006
-919
-19397
9166
-11314
-8406
-9407
-31045
30718
10351
-4463
25176
20959
5431
-9071
22187
1598
13645
1353
-23637
-25444
14836
23429
28922
-11086
-31871
-14435
17966
-14526
207
-28957
-22963
-2827
-19512
17101
-32295
-22921
-4704
31429
-3511
16568
5683
23447
29146
-3997
-28369
-20578
-32026
-12438
5161
4749
31100
26584
-32581
29691
-9562
14026
5475
-3198
-31790
-28031
-30593
-9841
-29213
5803
24573
12269
-24953
31216
-26311
15603
6926
28544
29561
-7081
28583
-2070
-3923
-20303
24067
17425
24258
2226
1642
3428
-719
-11513
7742
1564
-28361
-29742
-30998
-15158
31785
-28949
14379
19959
-22872
6589
12526
7949
21404
18394
-7830
23874
-20889
3370
16832
-29729
-22868
-3883
-30702
-4990
27976
3025
12510
27838
-23267
-29140
-13060
-15417
6830
-12834
-14387
9020
-27163
-23945
6406
-25000
6273
-28593
-27435
10756
-25429
1656
19805
-9895
9796
-19872
14544
-18155
-17841
-21500
3772
28008
-28905
-527
4080
29915
-30612
-13348
11189
-19625
-11598
6887
-19072
-22424
12258
-351
-25091
29615
18814
-21095
-7516
-30081
6754
-16202
-22877
-15997
17295
-24532
10288
3534
-8476
-7903
-31384
8169
8874
5888
868
-17386
-5831
23415
19193
29380
-4272
-28642
-12880
7229
23693
7363
17981
14936
-5958
-21113
1911
9097
-20233
13156
-29548
-26125
-28688
10927
32230
12729
-29719
-5636
7449
-22131
-21058
31966
-13396
6195
21449
19787
7931
-28035
-11324
-24938
-19271
-21467
-393
-25304
-17745
-2285
-10118
-31254
-8937
25510
-25916
10314
3644
9538
-12748
-14851
23204
32239
5379
4945
-17268
-27576
-2776
-9384
-24097
13931
-18796
-30064
-26722
11593
10358
-23722
19871
-32020
-8101
-8454
-6694
-8439
17968
32384
16880
-9022
-32686
3602
-15783
-899
4698
-25076
-22073
-27401
-15862
13512
6173
-6529
5363
-995
20422
13149
31281
28001
-18325
-32658
-3331
32587
-11748
24778
-13021
-26531
3063
-4139
-15744
-14083
12581
-9169
-28586
-28585
-8376
10002
-9840
11970
14674
-1347
-6406
18679
-13855
-17663
-26536
24272
18393
13077
-26251
22740
-20321
-31855
-20969
12120
-5496
13166
-22554
28245
-7442
-30852
22830
6382
-9601
687
-26704
12184
21272
-19736
8743
-9225
-11774
-21342
-1025
1372
27020
-9976
-28237
-12028
-17096
-1779
-18100
20707
-3298
-32568
25006
25665
-14863
-21016
-31772
-29471
-21940
-915
-22214
15325
-17806
-9099
6508
-9906
-9333
19521
-31832
-30363
20273
-18066
-19086
29282
-23413
19513
-19820
1579
-17495
-32729
16604
-28041
20088
-21354
-17696
6845
12812
-8011
-17268
16089
17227
13701
-832
-20166
-19935
30997
26309
32718
7680
-10785
18105
12981
-18701
-9897
7124
-31898
21993
-851
25520
12207
16294
-27981
29046
11099
1263
-16920
9194
13163
-19648
-11838
3445
-31211
18649
16912
24847
16986
8023
923
-18655
-19861
-16494
222
32057
-31868
20985
1532
-23590
-20826
-24980
18140
-8971
-27421
20054
25196
32404
-28072
-7061
-31206
-9149
2776
-25449
5221
-21909
-19641
10120
-3646
-16726
-25971
-2924
23158
16395
13647
31993
-6957
6703
28491
-15440
4718
18008
-31404
-904
-27721
15723
11006
3464
8319
-23074
16144
24188
-30481
4226
4476
10188
24931
22359
-488
13720
27831
-3792
-8448
-12038
-22649
19780
-26203
17064
-26698
2507
-13948
8737
17189
-26530
19339
25637
-3954
-23721
11567
-9289
-27264
18208
16928
-24467
-27494
-3469
25531
-29364
12011
-32671
7449
-13576
-13437
-8329
18131
6233
-2028
22707
-10893
17585
-14864
18795
-8831
3598
-6649
-7399
-28584
22329
-22743
17433
-19316
26632
-18070
-926
-8948
-21725
22966
-12025
25063
7201
18584
20934
-8757
22842
-20711
-27777
-19689
2867
-11049
8814
-9292
5850
19028
-100
1674
-13599
-5533
15339
-14934
-736
-10829
-31664
20497
-13738
19370
-20024
6717
27448
851
12381
18492
21009
26482
-12279
-17258
-31829
-10017
21103
18108
-8526
-9744
-14154
13388
-15213
-14810
-27631
18387
22185
30964
-25501
-10142
15090
1737
4020
-25420
-25830
27421
-16982
25874
-12040
-12572
-7736
-14620
-3194
-13843
-4159
31949
14130
-15704
-19290
-339
-11096
20205
-8203
-27631
-5900
14603
-14420
-7043
-32209
-29715
-1486
-14259
-13445
-13965
-3782
-8890
2945
11782
-1908
8658
-6066
-23480
7096
-26127
9107
-13340
-21054
-16198
-15755
13996
-16992
18867
21400
-16691
-30010
29880
-14650
-26334
-13187
-2163
2262
-31014
24382
16417
22310
18719
-21769
-28014
-664
14867
-10981
17840
-3879
-21041
-28200
8545
31741
32420
9984
-24188
-4682
-6245
-3057
-24431
-333
-28687
-28181
-21260
24699
27367
23995
3068
-22336
-12610
411
11653
-29670
-6733
20014
4933
6988
23650
30769
-4405
30178
-4046
-29453
-1752
9525
16615
-20311
18244
4841
2179
31180
7653
-12847
-25555
31829
2128
-28615
22864
-10286
-19281
15019
25094
23424
22791
13848
-13452
-27817
9217
-3997
8571
-12069
-979
26209
-7528
774
-28390
-4523
22223
-4089
-32504
13746
-6933
9187
5705
9589
-14146
-22746
-8364
8130
-12871
20557
9327
-13809
28815
17238
-474
22174
-29925
-3575
-28849
132
27984
-20412
-23091
11510
1681
-20675
-15109
25888
-32275
-3430
23736
7005
30904
-28026
-20419
-4394
-25007
23967
-20629
-8043
-30746
-21005
-14851
-21245
-3170
946
25413
15563
-20023
-18161
-16990
-8133
4933
-7731
5261
-14353
-32737
10726
29818
-4593
-26312
17931
-16579
25312
2122
18701
31783
-20528
-7942
-3780
-19732
-15407
13834
-16218
-11269
-25518
17886
29521
29115
-25231
24844
9821
19803
19639
28196
17152
-1471
-7869
-21082
135
6969
-9155
8471
4147
-936
-25372
-18332
-14835
3173
-23829
10299
-11880
31003
-3513
3272
22909
-3844
-13456
-17547
3361
19913
-21756
-6426
32535
-21811
17373
-2009
-9320
10653
-6503
-16386
-12853
26813
-30347
-7325
10000
28352
25521
9779
-25801
-29384
-12450
30468
-23422
32303
-7054
24363
25278
-16512
125
14820
2104
-4453
11693
21940
10122
-22484
7223
-7440
-2701
11854
8513
21096
20869
-10115
28204
-30888
10450
4125
29515
-168
-31376
23755
8458
-11342
24047
-15549
31351
13995
-2088
31215
-21428
-12248
28634
-18874
-25789
7248
-17618
5534
-25346
-20591
13472
-6939
-12739
661
-30527
18900
14730
10653
-27693
4344
-16037
-26149
-31546
-23741
-32638
-8186
22538
26203
5167
-5331
32094
-30042
589
20122
15224
2511
12092
-25097
9381
22838
5649
-14716
-20643
4831
13871
2205
-14935
-26601
-5795
-2989
-8555
28876
-27345
-29649
-2955
-5473
-5384
28977
27424
14962
-22249
-17666
-18144
9182
4267
-8432
26283
-5848
714
-13743
-19001
1780
30724
4018
1548
-342
-14987
-12538
-14436
12916
-7652
-18699
-28723
-27134
-24629
17715
-23834
-18729
-30119
10200
1456
24422
-8104
25303
-5624
-10290
-10185
-25411
2366
-30931
9407
-19080
16266
30908
27667
-30092
31554
1946
9224
-30015
-11487
-19430
1776
32371
22101
-6681
5082
-23492
-5720
7622
-13007
2049
17502
-9721
10442
-18966
-8137
12426
25705
11334
28450
-7774
-20062
12266
10779
26217
27686
-6781
3008
15861
19866
-11477
-13843
31761
-11858
11566
8507
23738
-16968
-28422
-14978
24381
32448
4387
2564
11272
-12044
13759
5366
18461
-7312
21440
12408
22846
-5221
24220
-29486
32185
-9518
5902
-31121
-1302
-22137
14861
17117
17755
27344
4840
14259
9640
7012
-27754
-4527
31985
-8459
-10718
6047
-5099
7937
-21921
-15681
24696
-16867
-27990
18826
18850
21127
21221
17960
-1444
6993
-2895
-23453
30864
8909
-7262
-24059
-16671
-15992
-31527
20766
12997
29842
27805
-4295
-11639
-17825
5448
9308
23992
26830
-17872
-721
31609
-20494
-17946
13010
-24229
-17423
-23920
5073
15847
-22121
-13460
8414
27122
16419
7814
12435
9073
-23642
30103
-21235
-10986
-3423
-21228
15991
-21106
-32189
20562
-2665
2421
11236
-32243
-14055
-3346
-8422
-31793
-1804
31195
27394
-54
-21850
26596
12851
-2128
-11946
-27899
15333
-1077
13554
-11821
-10832
3384
11059
21634
-18284
20057
21886
-6785
25738
25703
30414
21680
9589
11573
13425
4231
-2959
11298
21690
-20594
10402
-11980
-12632
-4667
-21902
32088
-17057
24736
7197
-6424
2738
-6993
10963
16685
25466
-30740
-1247
19017
-14102
29634
25558
8729
-11845
6594
27232
-29344
28259
-23059
13177
2065
-15576
31164
23381
-13862
27400
13027
26684
-24653
14016
-32617
-13695
15810
14988
-13664
-25361
27739
-16905
27921
6312
13090
24699
2990
28521
-6810
-31181
16360
32561
-19805
-8382
-23382
-28056
7731
-25248
680
8022
-32462
-21974
8331
14898
31083
-3728
31128
11373
-5968
-28052
-8664
25731
-6380
-29983
-16212
-20166
-13422
12074
-19838
31540
11701
-32192
21330
28704
-31864
16517
-18887
-11756
-16753
12469
-137
24195
2844
3471
-16909
32666
-27477
7048
17230
15093
-3478
15711
-583
4297
-24817
6818
-27051
-16759
-24912
-21737
22371
-26662
13793
14870
7448
-5871
21760
-19234
-11261
-27125
6802
-10580
18490
-6033
-28691
-31245
-14278
16490
-32009
30038
-8633
6863
8219
-9297
9134
-24673
-20620
-10794
-3946
-21508
-26624
-14967
27504
2715
-29651
-16356
15166
19854
-32142
-8163
-8359
31868
-8930
3306
28662
-30128
-7078
-29901
19052
17727
30023
26962
-5126
13410
-30371
-25919
-428
-27252
-1833
21815
22758
28322
-25739
760
31146
25973
-21949
-9001
-18247
-12069
1441
-185
14712
13904
-15750
-29362
23702
9996
8587
13402
13704
12134
-11257
9244
18126
19390
12330
19757
-30756
5575
-18120
31160
30633
-25283
7528
-27894
-16637
-24822
-29378
9986
-23199
-29223
3786
137
23437
-24815
12376
26066
-8462
-12484
15638
20390
-1934
-28454
-10495
-21370
-26084
-26459
-26375
-32066
-24986
-1480
9215
-31628
-21458
-30672
-17751
26761
-15790
10913
19875
7043
-20992
-24803
-25453
-25792
28335
-11019
-12830
4271
19146
-9961
-24327
31355
6136
1079
7538
-1147
-1508
-8584
25243
-24483
-25600
-5271
-1526
11944
-23381
20877
-12186
20854
-5024
4154
-18580
13674
-19379
14053
5124
26605
-7199
20705
7068
-29633
3796
-1909
-15461
14698
-14628
17620
17924
5186
31739
-31661
-8610
-2008
-4447
30869
8597
-15919
-2489
1307
5185
3830
8160
1146
-7697
1525
26341
-18655
-10080
-1975
3084
-405
2949
29443
19623
22316
-16427
4143
32193
18091
-31027
7185
-12843
-21260
-22547
-7832
-20432
12200
15955
12162
-19179
-20410
11338
27994
20851
-32588
-14343
19593
-9891
-13980
-7093
-4307
-20462
21449
-26366
5046
28879
-21437
-4887
-26186
-27833
20067
17734
29297
-12633
20167
15719
-12142
15993
-19150
18783
10636
3089
31262
18167
23589
8101
-9503
-8255
3775
7206
30449
24408
6307
-22348
27113
24798
-30410
-13632
21684
30342
-24560
-11291
2385
-20891
-14067
9825
19435
-26789
28482
-11456
-9105
10561
14818
-10966
-17549
-19665
1535
27372
23981
-19735
-20394
-11093
16572
14475
-32282
30372
5215
14687
-11636
9428
27426
-2869
13437
6669
-23178
20088
15287
-8734
-30171
-16199
-19379
7206
-16563
18922
-9561
12592
5804
30782
-5950
-4689
24688
30332
2871
-10952
14173
-17137
-28333
-9593
-1684
-13780
-5391
23645
-8238
1080
-14477
-6630
-5766
-22194
26743
-2324
2784
28386
-1119
-11579
-10655
13500
-29145
8169
-28691
-4632
-4755
-11207
24364
-23812
-30846
-19187
4892
12406
7799
27871
-22021
9300
-7735
-1645
-28493
-8763
16512
-2480
19638
-11761
-30852
1076
831
-26196
7783
21656
4335
10368
-2341
6146
-23305
21582
-32717
21700
4749
-29624
13171
26703
19436
25801
-30188
13866
-18010
23135
-3421
-14441
24931
-4402
5746
-8480
3889
857
-31972
-16036
-3062
4934
-29966
15121
-4888
-20112
-4246
-24809
25921
27658
-22420
18302
-30736
-1612
-9342
-10212
12654
21112
-10743
18119
-10575
6202
-25283
27768
21297
28956
26421
-24088
20889
14135
4061
-21782
-15946
8286
23733
-3192
-28956
16681
-23897
-7766
-30223
3613
8352
-16776
14675
-16896
8775
31338
748
-20385
-17045
20229
-7666
15162
-17029
312
-25325
747
4074
18287
11593
-16611
-15239
-27048
-13213
4098
29794
22332
-9686
-14653
-23667
19244
-29237
-15374
28292
-25168
9585
20308
-26481
-5585
1885
-29758
-13193
14111
1881
27176
-23693
-22084
-15450
16091
-15144
30063
-13235
-9240
12743
18949
2016
-11342
-28725
17251
-30545
18097
1349
7681
-15028
24415
-1288
13071
-6235
24392
-10934
32573
-23193
-8105
30870
-18627
-11042
-21194
11106
11476
-20163
21498
10609
1992
-32429
21989
-1320
5447
5031
-26794
25065
12568
17165
29408
29479
2928
30357
-27984
10754
-12684
-12297
29407
-29284
-6559
31572
12348
14434
-4244
21388
1532
-10823
-29625
-12847
-25146
-6051
-22455
-8259
5328
-4898
26708
21212
22849
-21773
-12955
-18281
17058
18614
-13392
-3715
-30577
29406
22939
-1251
31366
-21297
-18107
30500
7168
-25699
-80
7946
1927
-8436
-25413
5895
15391
-13468
26277
-11368
-18484
5948
27733
1106
-32195
20535
-28357
-18627
-30025
-22113
-18975
-22661
31768
30701
-4038
27257
27159
27739
5766
-4480
-1381
25391
-24591
32161
28236
22556
-25140
14389
-21664
-11392
20617
-18020
11620
-7292
-25761
23172
32109
29759
22906
17315
-27320
-26183
22543
17334
20699
7872
30694
7196
-12069
27625
14770
-18760
29036
-26309
-18426
30796
-18385
15838
-11781
-23975
23616
20693
2435
30506
19354
11628
22634
-27743
20596
-28994
-267
-20196
-17940
5384
3899
-15606
10952
-22510
14381
8893
29054
-14006
4923
15560
3144
-22273
-2127
-3407
-17287
-28306
5817
-23526
19440
-1351
25361
-28072
26581
23262
-30871
4469
13139
-31608
-4513
-18017
-2649
10179
-24761
-29712
1601
-14393
29309
-16955
-9690
14451
-8060
-25243
-10902
30447
28320
-15586
17377
28683
31843
-32304
-25593
1956
-2913
18906
-4373
29676
9516
29064
10366
-16470
-16290
-27180
-32021
1606
-13564
-31081
20497
-17164
-1476
28990
-936
7061
-15401
-17187
-4746
30894
9329
-13680
-24427
11059
-8637
-29315
10880
17730
-19585
-21216
-745
15062
-8323
-23286
-27436
18261
-11902
5387
29069
9497
-5071
13524
32114
27094
-13137
7664
-15093
-25854
23660
24374
9089
-13052
-20310
3247
17949
24703
31367
16078
10706
12391
-29965
-19400
-2550
17411
-21242
2252
-10343
-10256
-9656
-19126
16092
20722
-29831
-13772
-23539
27613
-22256
6463
-19293
-17096
24173
16420
-29424
21474
-11591
-14379
24956
4543
-30120
19234
-18218
3350
-3031
22497
7385
3597
25953
32088
-7545
-1280
-30951
-17610
28039
-14665
-1937
17374
4585
13214
-22398
17730
30442
32483
10985
11006
7686
-14733
2559
-29442
28955
-17175
-9799
-17025
31437
-390
-29125
-22129
11275
6581
22810
32480
-11840
7999
4167
18981
7598
19309
-7783
-32586
-6772
7387
-10731
10427
31521
-5405
26587
4812
16578
-12546
11719
22486
-9009
29725
24484
3729
12145
7915
-18897
-5294
-4719
490
-5725
15682
-31792
-20331
-11752
31774
-23330
17492
-5021
22845
-23077
-31098
-14651
1817
-29715
12852
-26574
10818
28164
8446
1352
-22851
-29225
-2638
-10749
15548
19166
-26636
7923
-22544
-11580
-27703
8535
-19449
12720
12299
-6989
31183
9737
-12589
19749
-18513
-9687
-5451
12663
-1930
26457
-15346
-19525
-1087
-15103
-28386
-8283
-27983
-31006
-15331
20893
-7157
-29278
-17857
26985
-13606
-29586
-6509
19332
-15774
1737
19427
-19405
-28011
10647
-10121
24361
-20505
-24006
-2381
-30971
404
22251
26054
-16581
-32430
-23730
11561
11241
-6300
31749
15879
-9672
22063
-25427
5547
-17316
-18389
-23870
29629
-29596
17203
-18195
-2170
-26468
21615
13654
14077
15520
-26764
20023
-23821
-30168
11240
-14452
19180
25692
15530
15603
21538
4370
15156
27340
-18872
627
-19822
-26266
-28346
23673
25769
3424
12009
30994
9485
8277
-31868
28124
-23526
25730
-16298
22183
7562
-2369
19217
-6260
-25197
-7792
11568
-30273
20273
13417
-12747
1542
1836
12838
-29732
32742
-453
-18021
-31937
17514
28108
-13478
-25119
-20570
-32215
-12367
-19042
11222
-11027
-62
25229
3401
25363
5329
-14882
-12852
-20136
8376
25717
-5408
-28168
12941
-6989
27030
-16641
10864
16875
-15596
15335
-8313
-14086
-17220
12723
31519
-3945
28434
-18329
-21486
-8000
32333
-16138
5415
15341
18298
4766
6624
32074
-31382
3760
-5064
-312
-20426
-21067
32426
31263
6786
-5875
-17036
-26666
-28828
-31744
12751
-8444
-3102
-6359
-3428
6448
12101
-32420
-31493
-764
23800
-7957
4147
-19742
2846
30822
1993
-31103
2258
-15936
11939
-10145
1817
13007
-27012
8746
3956
13921
-412
-24295
-27856
7314
-19573
-1771
-27064
-19035
-10467
-7170
14606
2627
-21414
-16467
-23687
25647
20944
-29182
5378
-26025
2260
-17974
-25497
21328
-4601
-19552
-17961
-20128
-14815
14765
-4348
-25924
16866
-8858
-69
-28318
-9164
6675
26169
-12981
13660
3958
15917
3081
-29047
-19668
-22184
18643
-14248
3090
28897
20477
1975
-13661
26216
-7967
-7216
20761
-14429
-11998
-16341
-337
-22606
25719
-18943
20631
8501
-13355
12214
11280
-11269
32490
6534
25666
-3762
-7358
19019
20249
-9713
29583
-30837
-1015
4449
23201
18321
24497
1809
13457
5342
-30833
-868
27007
13716
-22431
2027
21677
-1484
-25926
-2370
11010
-10644
6217
-27214
21506
10029
-13001
-25082
-22480
18646
4163
19714
-14385
24725
-11007
26642
32044
-1039
10957
12411
-8902
27004
23519
-30253
-26217
28104
32541
22030
-18662
-18590
4089
-13734
-25679
13587
-8408
16242
9912
12625
28493
-16168
18107
-10807
-28516
23941
16286
31256
-12732
-650
-27591
-7986
242
16052
18001
17762
6439
-25282
-8156
-8550
-2954
-6047
31262
14299
-12100
-14082
-20405
-31521
-20417
-9405
14816
-11679
-15946
-24779
-27002
-18647
-24767
17106
961
-6116
-2233
2290
-20985
-11635
-3507
-12362
-12278
8112
26787
-1599
13208
-15289
-17636
-17132
18136
-159
-7797
-25975
-18197
27492
592
-32499
20730
1072
-23100
-8330
29389
-14994
22653
-22507
-31837
17421
20396
2271
8841
26108
25136
23390
-6350
6900
27073
-28878
6673
-18052
-8462
4677
-26362
25367
17179
-1592
-9385
-27982
-21685
-4438
-14284
-18424
32503
8418
-11638
-31879
15823
17498
-29353
17615
-8379
23166
-21666
-32671
7973
-13437
7502
-25301
-13795
4679
-16042
20303
-8953
-509
-10478
8600
2645
19570
11011
16689
-1978
8160
-21406
28307
19205
-27728
-8109
-18792
19926
29353
26015
22189
-12794
-11775
31689
-4262
31448
5082
16526
-6217
-8843
-27470
5846
-23223
-17514
1599
27156
-1309
30790
15150
-16113
-3637
-14969
-6556
-11510
-12298
-17977
-28422
4724
-379
7268
-13841
-8207
13151
31764
21114
22724
256
25124
-13808
29642
-20626
-19010
7422
-8265
339
8705
-18207
-10791
18531
4650
18826
-11198
-5182
-27007
-32304
-3493
17327
17725
13003
17123
28004
-5514
-19200
30303
31237
-26168
26102
-20241
7126
29968
-16971
18056
-19317
15120
16052
-12096
26573
28894
17330
-12086
-27402
-18069
28162
-12012
-9519
-21042
14252
-18125
-30531
18848
-5088
-14524
8139
-16846
2721
25016
18226
16278
-10906
-19310
22214
7890
-28599
-13060
23225
17338
-19905
-22935
13184
-9746
3185
23556
13531
-15465
-22015
29092
26391
9527
-5261
-6376
19829
7502
8404
-30495
-11081
31465
-23161
-20115
-13087
1584
16548
28070
4394
-21049
19766
-18431
16657
-21456
-4874
15572
-21090
30738
18626
-9385
-8758
4720
-24106
-10807
-13013
1461
-18814
25660
-14419
10448
-16961
7344
-31346
-1755
-951
25494
-5514
7783
-18816
-10282
-30007
27509
472
27935
-9706
28428
-18145
-22570
-23099
26473
-27077
11567
16090
11236
13504
-25866
30204
24423
-32728
22916
19606
-289
-12140
-9377
-473
7816
-18060
32006
-15161
26941
19624
-1942
31692
-19298
21871
7825
945
-17116
-12821
19171
2561
-8908
-28075
-15691
-26469
21001
5361
-2990
-28930
24986
-27234
18553
-5925
29784
8188
-1735
29892
-2575
21368
8498
24079
-28700
-18488
-2461
-21286
4379
8493
-7368
-24767
5479
26484
-3799
32459
16346
29307
-18512
21754
-25819
24446
-15694
-24071
29384
16903
9043
-1913
-18349
-15474
-25026
8726
-14495
-23364
-21955
11776
7085
-7323
12903
-28939
19456
2092
-12640
10632
23808
-8500
-6793
-2294
16125
-25588
-5477
-24734
2466
13420
-21357
11566
18581
26234
25845
-16615
27648
-17467
-491
-9931
12294
-31866
-16141
-18001
-29144
-30209
24269
-11374
-29813
3955
2305
21179
-2240
16861
2637
19463
-5279
15423
5273
-873
-23518
20138
13853
15179
-44
4595
10482
-137
-17713
-30194
28691
-24668
14912
23055
29902
11163
30972
-13064
-26728
1171
26907
13814
-6329
-27012
-8799
-5230
-3623
-10875
-12554
-8116
-7808
-7464
-29335
-25578
-9940
-1177
13438
6489
17282
-27656
29258
-14146
-30911
17749
30103
-16765
21499
-5190
-27119
-13147
31338
7238
2379
3222
765
-11314
-18484
7087
-2576
421
1242
3398
1991
20935
7272
-10892
7485
22783
6593
-20602
22928
1624
6712
-15591
10818
-853
3774
2793
-31924
14177
-8343
16449
16038
7523
13270
19995
21093
-6870
-3179
-28939
20500
-4863
20826
-10182
24730
27257
-3001
5754
-20604
-27637
-28174
-715
-1873
10184
3198
3406
-21640
-3477
-6249
-2748
-10694
-18083
-22722
3577
-12979
-21743
27560
30528
16488
14450
-8962
5890
12664
-1389
14827
32276
-48
1897
7241
30153
31444
-10019
18059
-18151
-20705
-22304
-29385
7289
-7965
-6708
-20693
10104
-6413
8667
-20498
-7452
-9971
-24356
1753
24232
-15201
26359
-18892
12907
-9481
27593
7471
-1094
19427
21632
6122
-25361
-16452
-10176
-16317
-16440
9160
-20062
-7519
-8542
15412
-16272
-1614
-10401
11854
-16767
17416
-13567
-2491
-21820
18091
-13085
31556
-12941
-12402
-23377
-19177
-1922
19188
-23055
5639
26388
-305
24669
11366
24420
32491
-21558
11847
31099
27947
21175
-7474
11874
22673
24243
7119
4692
20039
-14018
-19715
-8913
28557
5224
-17073
9223
-24685
3633
26632
26352
7220
-16015
-19948
-10776
-27450
22398
-2889
-4114
4494
28045
-4384
-8367
-16522
8348
-14923
13857
29274
-11480
11685
28111
29073
28532
-20760
19699
-7907
-22107
-18351
5707
-9487
-31667
-3150
9172
2838
6874
3721
20772
25030
29855
-5578
22496
11866
-7307
-6528
355
-18879
12571
-18016
-12143
6858
-25008
2217
-31017
8439
30317
-19608
-22698
11805
-17687
-31083
-9412
-29562
10555
-14439
-9660
-13587
-24894
-13154
14950
-13825
-25345
-27621
18872
-13649
29124
3778
-10901
-28542
17897
-28943
-32509
27333
5552
-28571
4277
-18505
21978
-13432
-13826
13445
-14220
18185
-12990
11609
-15309
-9481
3013
24626
-3685
22569
15538
9662
16575
18244
-2985
13073
-25928
-3597
-16249
1878
-28242
10675
-4813
-10140
4796
-248
21545
-28359
-9127
23552
23299
13681
15473
13647
564
-17244
22852
-15185
-22448
14485
1999
-69
-7045
-9848
-3332
15941
-25845
9017
-27030
-15613
12096
26122
20465
-26203
30026
20192
-29999
-654
-14500
8465
-14478
15159
24816
-4816
763
-15951
-7337
-10303
-16005
-11440
-22976
17130
-16972
3202
14233
28162
430
-20136
11659
-8694
-5396
30095
11668
-24041
23859
12837
-13338
18092
10033
-17616
-23075
2822
23449
-14018
-9548
-21707
8724
-22238
-15018
-11711
17090
9493
-26013
1844
28545
-9628
19803
-22516
3527
-4512
-8186
17803
1077
-10772
-282
29462
-12580
-23988
-29183
-8864
-8935
1653
-30547
15106
-968
1997
22438
27169
20906
3395
-32690
-12838
10236
-16406
20462
-16735
-28310
-4119
-6539
-24413
-23779
28912
-15608
-3332
-13265
-24309
-18939
27360
-29893
3280
-9463
-4677
-31323
25639
-458
-735
-15466
-19887
-28775
-6196
-27748
-29592
1984
-11662
22767
-22179
24713
27526
18298
5708
1284
-8968
-12174
-1462
23440
20155
17062
-25456
-13012
3436
-7793
8223
-4901
10159
30174
10198
8783
5540
6894
21977
-1353
-17110
-13396
22914
677
-6630
-3502
-338
-13243
-3725
-577
29042
-31588
26214
-16519
-22186
15118
-22430
5469
-20787
-16890
-5920
8708
11854
-20549
10331
5828
-29764
13887
-9981
21095
26922
27046
30306
22416
21566
25431
9484
-8764
3274
-28264
11536
31
-26640
-19919
-7557
19658
4775
-26794
20132
14329
-2371
-26203
-21105
13747
17694
23129
-28152
32055
-14147
14514
17365
14613
25775
-25226
-21811
-22804
8428
-92
-9802
27087
26695
17771
3139
4729
-21764
-7126
-21789
-24588
22660
-7511
-22668
31762
-7160
-24437
17909
13982
17916
1496
9250
522
11885
32197
4842
-19210
-9597
-8295
5347
-11452
16522
10430
-27480
-7691
1388
-21737
-23020
2195
28288
4695
-6784
-15516
17115
25525
18398
10537
20224
-9565
-4414
1972
-509
17853
-11437
-9735
15117
18174
-9419
23278
-29082
-26120
-21930
14355
10433
17225
17569
9873
20516
19539
21172
