23340
-6238
-1021
-29525
-9700
-5135
-5895
692
-27163
-16352
-20557
-29050
-31050
26482
1567
15064
9204
2313
22600
-8325
-10139
-4218
5651
13933
32569
-23153
-21133
26982
8507
-10762
18466
-24966
-5935
22183
9186
-13576
1046
-31402
7188
-11354
-5143
-9010
-17420
-16110
18154
27174
-4045
-28875
24464
-30566
12069
-8374
-7143
2829
-20900
-27927
26504
-17793
-841
5965
-9552
-12294
6154
-6156
-3060
-11915
-10967
-28844
15813
-1966
12654
11498
16538
2211
-6954
18306
707
16426
19312
29353
-11816
-15339
32121
3692
3758
-19345
11462
10315
29248
-13218
-24888
17517
634
13834
-9732
-27119
-20974
-1709
-8727
-4568
18005
11299
31873
26445
19968
-13393
11291
-27163
-11270
-6853
-5945
-15515
20760
30149
-966
31753
16369
10080
17200
30111
-6780
-11465
18242
-26992
-32264
28517
17469
-23502
-8108
-12404
-4109
-8359
-977
24323
-25718
-27114
13398
-17416
1350
29108
16768
-9713
-3623
2053
-6169
5112
25617
-2360
6888
21148
2606
-28566
2477
12558
14217
-7949
19383
-15295
-32295
-28101
9341
28004
-10028
-2487
-27404
-8663
-20620
16125
-19940
13696
-29295
-22021
30607
-9126
8456
10157
3336
-30483
-23186
-15165
13778
-28714
14609
-9053
24919
27113
30386
-9129
-27758
5577
27270
7303
7288
-17373
-17965
6610
-10876
-16959
-27660
4679
23554
4683
-15376
-12500
32660
-24882
-1671
8695
-9337
-5407
8305
23443
21039
23479
24040
-15158
-7845
-9274
2453
-8459
1676
-27086
-17715
-3083
-21909
11517
16372
15442
18939
-28422
6002
-23894
-11005
25173
-16104
-5308
30777
-32492
-255
-14595
19105
13329
-8958
6229
-27460
3568
5500
29137
10435
30362
10944
-27516
756
-32606
19421
30163
10415
28977
-9222
5019
32179
8698
13083
7510
1609
9109
-4231
14772
-12952
18387
-4551
28491
26073
-1352
-15684
-2150
-17048
-28377
17233
-31949
-18204
29794
-32125
-18891
-12209
-11970
19375
25593
-24086
12788
-1442
-12033
13120
10731
17103
514
22338
-1534
17212
-8334
28732
-11082
-2957
-19460
-31510
10499
-12039
19822
24422
6905
18860
-14634
11584
4365
24290
-15689
-10405
-726
29940
-25419
2283
-14216
15192
-9910
-25485
2283
15663
-9511
-6761
-6264
29258
-23835
3869
-8619
-6210
9872
-31801
-19161
22222
32096
6442
-7155
16776
-3801
29601
17033
-5206
-18892
-9706
-21884
18200
-11574
28876
-2586
-21790
31939
-28077
32278
-5225
-2943
-17111
1044
11336
-23563
19872
-22448
32482
2327
-1374
22858
11025
-19847
-13221
-8199
12960
21772
1034
28865
27220
-15791
11191
26722
15939
17792
17630
-25748
-1884
-20681
-13013
24455
8732
5662
4117
13713
21138
5126
-863
-17604
-30355
1553
30186
19352
-7088
-26827
-10788
30034
19305
-25618
6325
11677
27171
1584
-5960
26335
2906
30875
-32594
29225
-20465
-16417
7293
21074
-2154
14676
28347
-6173
12357
-4611
21036
-25425
10137
-6017
-20913
-2509
4305
3478
17872
13744
6422
32160
-6626
-4867
16
18032
11973
12044
-13313
-5030
-6145
-15545
28744
4473
-24818
-32119
-623
16959
-77
-15127
-19911
-20943
8599
-30920
618
21465
-16207
-20678
28317
-6374
6040
-27230
-16492
30854
-11528
-17216
-306
-23249
21709
23284
17034
-10894
16088
8156
9271
-11710
-1324
23347
30808
-18568
-18484
27772
-24834
2681
4969
8800
-31845
31770
26162
28868
9079
-25418
27083
-23379
12682
-30346
-20427
-833
11981
23033
8954
19874
3610
-10981
-32386
6405
14970
-19475
-27382
15967
-26886
31246
-28135
11387
-12572
-21969
-8853
15028
3486
-8776
11317
-28430
-2851
1753
-18877
-15013
26720
-7235
-3838
5841
-31169
27113
2736
-5345
-7550
-20219
7269
-2087
-8848
-23638
-13789
15632
-21710
32152
-14366
-18247
25590
-8674
31387
31157
13225
-2660
-21419
31180
-32761
5497
2571
25901
-25540
-22226
-7478
14025
24838
24458
24207
20581
-16305
2910
9292
30050
11052
-32217
9678
-12471
24960
-32732
2224
-7422
511
22674
25406
7652
-3667
-1738
-15261
24938
29162
-30720
15733
-19288
31729
-24047
-6862
631
-18225
743
-30089
-29828
11471
6865
-29144
29365
28037
-9331
-25860
-29693
-1752
-15821
-19894
21283
1662
-6824
-15153
-19778
-7087
-29075
-12684
469
-16577
-23215
11276
24381
25891
-2771
-24036
20897
23796
4485
19322
21331
27149
25218
26402
-20261
21004
-24702
-17457
-7882
31768
-16691
2218
16105
-16203
8621
-17920
-14153
-32516
-31837
-10025
20754
-9107
-3120
-4970
17260
-25563
-8250
17825
-6637
10904
-2458
-6155
-16406
-20784
27156
3246
-30508
8717
-9947
-3667
-13349
-2292
-7308
28173
8725
-22115
13399
-32057
-21180
19919
-30792
-8683
14630
-2655
-3746
2321
10915
-31738
28056
-18909
9097
17553
-32247
26482
554
24208
30116
25713
-23645
-1392
26386
-19145
-28703
-20113
18465
-25872
30310
-25619
-31342
-17326
8916
6574
-7672
-777
20497
9920
-13482
-18752
-32428
-10604
12513
-13265
-14393
19317
-23962
-13626
7174
16785
15819
5201
-19897
1110
-19607
-14777
28721
25962
26450
-10754
27548
3096
30479
-26356
6358
13360
10857
-20355
-28721
-19600
5772
3607
3812
-9126
-1448
-30052
-23932
-27240
6899
17393
-26518
-17204
-22623
-17809
9655
-21531
27574
25587
26299
30698
-10758
11305
-24721
16464
7178
6299
25520
-23121
307
2021
3666
16137
-30887
17104
-21056
-23394
-28372
22129
19828
26368
15525
28221
17203
2543
31921
9507
-6419
-9868
14609
-31592
-9118
12434
-1146
-22367
-10865
-30592
-3791
16356
29893
26422
-14541
-8530
-19051
1196
-22138
-9248
838
15711
27402
12031
-7088
10621
-25109
-31186
-7859
28528
8976
-29940
3797
10492
30723
3514
24833
-3647
-13851
-29496
-20561
30281
-27474
20742
4728
-25954
21938
5256
-1152
3882
-26528
-5266
14295
-5280
25634
-6710
-17215
-23405
-11606
-24198
-6001
30844
21828
-15624
-24991
8756
-3942
3117
25467
28815
30078
-30653
25977
5399
32295
859
4129
-15767
-18819
-14997
-26108
28951
-18769
18150
-20783
25108
30488
22158
7793
13694
9290
-6371
14292
11514
-9643
31737
13940
28810
-29099
-5128
-5720
-4901
11576
-3854
31898
8708
-18744
-17541
1561
-1566
-9262
-32381
18178
31937
26292
-16653
-16763
-1096
29966
-24752
-1269
1857
18862
-14516
-12555
18831
15807
30046
-12293
6956
6198
-20387
18520
26928
-11659
-1296
-32586
17387
-28373
-15561
2485
11529
22642
-31431
27748
-971
-15820
22382
26695
-3784
-16985
22592
-22994
19091
7989
13174
-31039
30619
-30841
-18766
29648
-17150
-5954
11226
-9372
-7449
-20211
-3947
-17559
17254
24937
-32354
25922
20640
6043
-3787
-8183
26931
21088
32637
4202
-28091
-2314
-13346
-29319
28138
24246
-10675
-14075
-31426
-3040
-14414
-3369
-17234
-23069
14383
-17007
-30203
14168
27250
-5039
17094
13602
-19716
20496
-26077
5379
601
-25656
9539
-14342
18807
13877
32067
-14954
11987
-3964
21879
22411
19379
18570
-25268
-21372
-6046
-25115
-31599
-1766
-4524
-32596
-1710
-20943
-30882
261
-2532
-29847
-24360
-22938
-18494
5342
18883
30071
-20062
-19666
-23821
11248
-10399
-31591
-10222
-26390
-27863
-22907
22739
-18147
32600
32287
18686
-561
-17721
18260
-8583
-6792
28242
-3869
9305
-13025
-9423
3270
23026
-24189
2164
23514
-6958
-10510
-6329
15274
-29504
-12577
-31622
-627
30911
-28103
-24924
-4626
9228
-30855
-18499
-27928
16896
-29846
31014
26880
18447
-27721
329
9531
5299
-15831
29066
17229
-5552
-28756
-11287
26404
-19178
30206
12009
-10080
21227
16188
24362
8316
21573
-7679
3407
-29291
27897
-28324
-10371
10559
-29667
26493
-31413
25094
20933
-11740
-8913
29571
23020
-22605
29296
21123
-27866
-29670
-32119
-23449
-26523
3182
-18177
2224
-15162
-26550
28880
-17424
30786
16331
-13745
23226
-15240
-8830
-21402
19470
30783
4824
-30596
6603
16769
15993
30650
-16765
23493
21312
2272
-20625
748
14083
-10885
10685
-24372
4101
-19023
2561
27852
-22472
10624
13542
-2920
-13021
20092
22567
-15208
21406
30968
-30022
10139
9789
18376
4913
-19351
-31378
-13980
23410
8250
24668
2452
-10099
-29350
28064
7841
28109
19603
27272
-29459
-28109
-14135
-22468
-26610
16098
4952
-12924
-10123
28181
18602
29798
11387
-20199
-15465
2671
-9220
9363
-10536
6829
-31401
-13800
-31870
-6012
11011
3545
25431
543
30876
-76
-16824
12727
5717
-31138
-32331
-2940
-24062
-27682
-28447
24173
-23414
8768
-23231
4486
-25879
32647
-18989
-20437
-5737
12235
-25490
-3862
20861
27811
28682
15154
15714
2254
-13546
29610
-312
16131
-2906
24395
-11950
-19687
-23606
-15299
15271
-21428
-11332
12126
9420
20445
-8160
1448
-19209
25309
-8141
18469
-10022
-9680
-2047
12743
-379
16336
5771
-27165
25246
-19359
22519
-22931
1334
5075
686
-30464
7419
-31623
-10624
-7797
-24568
30495
9402
14793
14604
-8288
-6066
-5006
-16356
11370
-11052
-1253
3521
17550
5029
-2576
-16434
-27955
9707
-9210
18021
-6915
8866
-25722
20669
-22861
18331
-26493
28719
-16885
-27512
24977
-30494
4555
-6425
31008
26322
32689
-12787
-9596
-29047
-13826
3595
-24134
8199
-15559
-30547
-769
25461
-16572
852
20236
22043
4241
243
10518
20203
6313
-22810
-31865
-28282
13019
25550
23664
26288
-32710
-12411
-23850
4451
23489
-1320
5499
-18646
-546
9840
31915
4894
-27148
-26719
26003
-30113
-7842
552
18021
-1817
1670
-16888
-19906
19978
15171
-16324
948
-12469
32113
3457
-23227
-26443
25802
7701
-8625
-20031
-11018
26983
-13322
-12887
5841
4306
-4959
-29128
-24569
24648
25928
-8167
-28733
-25592
-6278
-14427
-22592
21042
-8432
-19165
18562
10124
20149
14223
-18478
-10748
-32223
-23330
-18327
-11175
31986
3748
14827
-8779
-12922
-26006
-22500
20542
10809
5180
8240
6572
176
21243
-27760
-22324
-8790
-15120
-24931
6922
21664
15347
-25880
-25338
-12753
-12255
13175
-19208
25622
28637
-32146
-4539
-19928
29835
32453
7403
17085
21130
16759
12284
-487
15320
26800
18952
-15523
19479
-24478
-26994
4695
-27359
5881
4957
27906
8959
25962
17673
-10307
-12670
12640
-29380
-24773
29990
-28491
-26094
19270
-4693
-2787
9595
25899
-12306
10017
-1134
30938
-6289
-26814
-293
30680
-6344
3154
-24159
25823
-18870
30253
2869
-4286
27517
27526
-8129
25849
-12299
-26107
25831
8850
-288
12179
28717
26541
31217
1029
26381
14170
-14039
2509
14012
-21732
32029
19730
1240
-8271
10978
-30728
3218
25243
-18373
4879
-8229
-14493
3944
-18128
895
-13439
4471
-19116
-25258
12328
24045
-7711
-21685
12466
18190
-8172
-1401
15566
2446
-16722
-10883
23916
7876
26330
8184
27492
16475
-10657
22577
-289
29819
-4625
-19504
-16789
14703
23248
20457
29921
-22584
-7490
11027
5373
8691
6374
24653
-28247
-6037
17235
-9721
12810
-22221
-2194
29701
-14237
-7686
-19259
17256
-3462
-21594
-31464
31619
19191
18009
26771
9937
12889
32002
5466
-21805
-26960
-18601
20782
-12814
-7918
20813
-5005
-18847
-4134
-28884
9553
6378
-15218
17631
-1478
-28973
19591
2065
-19847
-13928
27497
-31878
-23512
7117
11828
17108
-437
-29217
-12756
3661
7730
30154
-5518
-21413
-18672
18680
8029
-24295
-11574
7903
-7532
16942
29457
7115
19148
13855
22965
-17778
10856
13851
16155
-21461
-23630
-22193
32275
-15218
7645
28842
-1066
11049
16855
-1482
-11459
-14683
26031
29373
2623
-25999
-29220
-21209
22700
-29330
-5347
5654
-14567
-12160
31809
-13511
-21243
-9178
14984
-21274
21839
-17402
-2111
345
20447
8061
-10952
89
14197
26152
-1452
24156
29397
-24728
-3599
-20944
14367
13271
-10886
12298
-9888
-20512
11445
25912
8544
-6633
10590
32550
18369
24770
-23190
-32521
-15564
-9910
2826
-21877
261
11414
3456
-31720
-14105
906
-9843
-24283
-11298
9816
9392
-3566
-8820
12783
16937
15122
13974
9804
9374
1965
-24728
1244
-3183
12715
-3575
30153
-25719
-11629
-7586
11090
32763
13963
-9345
31244
13814
10196
-16032
23864
-4496
-22107
7592
-8705
-2195
-1656
-295
-27471
31446
28231
-28530
-17656
25103
-29884
13343
1628
1343
24380
-24465
16604
3421
1465
20450
22711
-20480
-7737
17341
23630
11217
-5818
-7275
-26019
11492
6067
-32754
-8939
32665
-8336
-16420
30542
14694
12400
-524
-25955
15937
27526
24573
11610
-13868
22799
11267
6101
25439
-1494
-23465
-16561
25460
-13473
28853
9735
-3513
-12334
23477
-6314
9678
31718
-5288
1686
-22865
22115
7136
18495
701
-6385
17399
-29739
-27545
18883
-5904
24022
-23122
32021
2646
-18225
13824
17240
11202
-21466
-30268
11568
9170
24607
27268
9376
30576
-21051
-16624
-28787
-14249
16825
-7656
-8003
-25160
303
-8519
11870
-29113
10163
31144
9470
-28065
21775
-20949
28155
1393
-32228
1452
24700
-25164
-27767
-3773
-27682
24827
441
3001
-21864
24044
-13179
-5247
27819
-20401
-19981
-5311
2184
6050
24327
4146
4443
9987
4479
-2759
-28166
-10959
-7810
24996
19241
-3111
-21941
-3378
-2938
-10964
18686
-178
5815
9878
-22473
-25843
-10669
-14385
-12371
25337
-14831
9476
-4370
30608
-26728
23399
6639
-13051
16825
11988
11953
-18375
-3282
-26679
6867
24434
-5947
28813
30761
30150
-482
-30545
14158
26679
-28713
9603
-12497
-7262
1582
-18635
10381
23121
7992
18616
15508
-3986
-12428
-3514
7495
-2562
20458
21717
-8441
-10804
-20263
-6652
-26105
8166
1963
-27886
31426
5884
4014
565
-26504
-6315
-11256
31007
2170
28312
-17851
12218
26041
15189
1126
-27095
-15598
11058
-24220
-11016
-16465
-12560
-7393
-29020
13424
31502
28906
-22211
-20160
-21425
-29313
-22695
-16037
9930
-30881
-10434
-21068
-2320
-5417
24386
13358
15119
-13211
-4484
27385
23761
17041
-26489
-14653
8511
-6552
9137
-1282
-18779
-3778
-12206
11042
-22752
20250
24647
-23575
22256
-17261
-6693
